-0.269
-0.21
-0.191
-0.148
-0.163
-0.265
0.463
-0.609
-0.249
-1.574
0.469
0.098
0.121
0.317
0
0.194
-0.202
0
-0.231
0.753
-0.802
0.224
-0.128
-0.121
-0.132
-0.09
-0.034
-0.054
-0.156
0.003
-0.009
-0.058
-0.131
0.142
-0.019
-0.124
0.038
0.016
-0.051
-0.039
-0.309
-0.095
0.353
-0.008
-0.168
0.036
-0.382
-0.108
-0.142
0.023
-0.073
0.024
-0.017
-0.06
-0.087
-0.048
0.005
0.003
-0.256
0.054
-0.285
-0.327
0.384
-0.387
-0.18
-0.789
-0.48
-0.234
-0.268
0.288
-0.499
0.399
-0.017
-0.354
-0.145
-1.384
-0.334
0.163
-0.258
-0.371
-0.371
-0.061
-0.354
-0.229
-0.002
-0.133
-0.073
-0.296
0.031
-0.043
-0.174
0.593
0.142
-0.07
-0.082
-0.059
-0.2
-0.155
-0.084
0.051
0.245
0.098
-0.068
-0.024
-0.291
0.072
-0.339
-0.026
0.047
-0.119
-0.008
0.067
-0.045
-0.084
0.16
-0.111
0.038
0.031
0.005
0.067
0.033
0.305
0.348
0
-0.463
0
-0.179
-0.058
-0.015
0.391
0
0
-0.015
0
-0.786
0.348
0.267
-0.1
-0.048
-0.042
0.342
0.117
0.238
0.202
-0.017
0.25
-0.09
-0.051
0.006
0.422
0.655
-0.029
-0.058
-0.247
-1.045
-0.099
-0.13
-0.099
0.603
-0.212
0.789
0.224
-0.058
-0.12
0.15
-0.379
-1.172
-0.281
-0.128
0.323
-0.139
-0.052
0.161
0.008
-0.055
0.042
0.211
-0.316
0.045
0.063
0.127
0.096
-0.084
0.322
-0.096
-0.094
-0.122
0.224
-0.191
0.012
-0.02
-0.29
-0.269
-0.345
0.024
-0.155
-0.183
-0.079
-0.151
-0.115
-0.06
0.022
-0.085
0.041
0.204
-0.12
-0.062
0.23
0.156
-0.633
0.06
-0.216
-0.057
0.089
0.072
0.034
0.374
0.029
0.158
0.083
0.422
-0.85
-0.058
-0.155
-0.302
-0.08
-0.129
0.096
0.043
-0.009
0.293
0.022
-0.006
0.238
0.426
-0.107
0.001
0.085
-0.278
0.05
-0.014
0.589
0.136
0.6
0.037
0.542
0.715
0.8
0.779
0
-0.407
-0.384
-0.387
-0.311
0.115
0.362
0.074
-0.157
-0.192
0.149
0.151
-0.355
0.011
-0.171
-0.253
0
-0.033
-0.82
-0.633
-1.904
-0.778
-0.274
1.041
-0.569
0.61
1.041
0
0
0
-0.012
1.041
0.019
0.189
-0.164
-0.128
0.634
-0.374
0.033
0.322
-0.064
-0.084
0.081
-0.006
-0.09
-0.058
-0.021
-0.342
-0.072
-0.274
0.069
0.002
-0.012
0.012
0.441
0.002
-0.126
0.182
-0.5
-0.124
0.111
-0.134
-0.057
-0.044
0.103
-0.076
0.04
0.001
0.112
0.003
0.471
0.177
0.082
0.027
-0.905
-0.013
-0.457
-0.314
0.197
0
0.219
0.583
0.693
0.494
0.125
0
-0.17
0
-0.27
-0.069
0.839
-0.112
-0.281
-0.073
-0.13
0.104
-0.039
0.32
0.079
-0.068
-0.052
-0.02
-0.319
-0.097
-0.21
-0.501
0.009
-0.05
-0.684
-0.004
-0.078
0
0.156
0.06
-0.058
-0.023
0.113
-0.211
-0.114
-0.107
0.085
-0.011
-0.024
-0.253
-0.029
-0.139
0.062
0.02
-0.097
-0.049
0.003
-0.399
-2.456
-0.127
0.469
-0.397
0.008
-0.058
-0.111
0.084
-0.266
0.227
-0.392
0.378
-0.342
0.279
-0.089
-0.527
-0.123
-0.445
0.195
-0.191
-0.009
-0.032
0.055
-0.018
0.191
0.092
0.089
0.046
-0.037
0
-1.654
0.071
-0.548
-0.238
0
-0.13
0.268
0.987
0.662
-0.067
0.753
0.793
-0.058
-0.04
0.17
0.151
-0.075
0.126
-0.086
-0.098
0.089
0.095
0.106
0.046
0.264
0.092
0.099
-0.267
0
-0.381
-0.234
-0.673
0.141
1.041
0.064
1.041
0.24
0.748
-0.345
0.076
0.121
1.041
-0.194
-0.391
-0.285
-0.467
-0.078
-0.126
-0.059
0.126
-0.17
0.023
-0.032
-0.47
0.047
-0.065
-0.162
0
0.428
0.175
-0.5
-0.192
1.041
-0.008
-0.014
0.54
0.336
1.041
0
-0.007
0
-0.254
0.481
-0.154
-0.066
0.145
0.014
0.069
-0.037
0.016
0.184
0.049
-0.058
-0.242
-2.13
-0.45
0
-0.905
0.858
0
0
0
-0.313
0
0
0.574
1.041
0
-2.229
-0.587
-0.485
0.818
-0.321
0.348
-0.017
-0.112
-0.186
-0.027
-0.244
-0.248
-0.332
-0.116
-0.048
-0.148
-0.302
0.763
-0.253
-1.657
-1.056
-0.045
-0.59
-0.187
-1.259
-0.346
0.278
-0.152
-0.185
0.069
-0.33
-1.23
-2.233
0.233
-0.288
0.341
-0.122
-0.125
-0.172
-0.099
-0.072
-0.031
0.127
0.318
0.066
0.381
-0.671
0.635
0.923
0.984
0.803
0.109
-0.087
0.128
0.026
0.446
-0.132
-0.182
-0.132
0.658
0.956
-0.03
-0.225
0.197
-0.453
-0.181
-0.015
0.066
0.057
0.355
0.259
0.041
0.28
0.594
-0.111
0.625
0.016
0.008
0.091
-0.009
0.088
0.053
0.051
0.057
0.519
0.052
-0.113
0.459
-0.114
-0.246
0.421
0.229
-0.032
0.157
0.154
0.365
-0.048
-0.021
0.149
-0.023
0.002
0.172
-0.101
0.044
0.348
0.617
0.053
0.194
0.065
-0.042
0.002
0.53
0.039
0.649
0.007
-0.023
-0.14
-0.03
-0.067
0.348
-0.155
0.004
-0.108
0.001
-0.146
-0.104
0.018
0.093
-0.056
-0.091
0.192
0.07
-0.1
-0.155
0.308
0.643
0.764
-0.118
-0.434
-0.112
0.03
0.019
0.643
0.775
0.863
0.949
0.858
0.693
0.404
0.159
0.907
0.023
-0.058
-0.061
0.041
-0.081
0.123
0.137
0.012
0.023
0.062
-0.005
0.233
0.063
0.01
0.067
0.02
0.092
0.075
0.059
0.01
0.021
0.078
-0.037
0.07
-0.338
-0.052
0.113
-0.03
0.06
0.049
-0.026
-0.023
-0.053
-0.021
-0.02
0.058
0.008
0.025
-0.063
-0.142
-0.283
-0.017
-0.356
-0.003
-0.076
0.074
-0.037
0.27
-0.059
0.221
-0.072
-0.091
-0.02
-0.362
0.053
0.223
-0.176
-0.014
-0.142
-0.036
-0.219
-0.073
-0.031
0.035
0.075
0.137
0
0.464
-0.035
0.724
0.587
0.513
0.686
0.263
0.499
0.448
0.057
0.066
0.615
0.282
0.359
0.003
-0.024
0.329
0.424
0.18
0.382
0.048
0.38
0.508
0.023
0.043
0.411
0.1
-0.207
0.138
0.023
-0.225
-0.702
-0.467
-1.893
-1.966
0.212
0.43
-0.036
0.029
-0.891
0.199
-2.119
0.75
-0.235
-0.808
-2.005
-0.342
-0.523
-1.538
-0.23
-0.45
-0.054
-0.216
0.038
-0.005
0.048
-0.059
0.046
-0.183
-0.079
-0.056
0.056
-0.138
0.186
-0.012
-0.064
-0.011
-0.006
-0.029
0.544
-0.107
-0.467
0.069
-0.662
-0.227
-0.004
-0.202
-0.044
-0.091
-0.079
-0.1
-0.084
-0.066
0.125
-0.042
-0.414
0.146
-0.054
0.091
-0.073
0.006
-0.13
0.009
-0.159
-0.129
-0.037
-0.251
0.075
0.425
-0.086
0.05
0.148
-0.046
0.119
-0.05
0.045
-0.05
0.141
0.164
0.009
-0.014
-0.03
0.054
0.094
