-0.58
-0.044
-0.112
-0.402
-0.903
-0.922
-1.621
1.454
-0.626
1.493
-0.975
-1.44
-0.288
-0.305
0
0
-2.146
0
-0.264
0
-1.596
-0.913
-0.413
-0.434
-0.21
-0.212
-0.24
-0.433
-0.316
-0.401
0.088
-0.029
0.193
-1.086
0.157
0.029
-0.024
-0.008
-0.617
-0.032
0.519
0.023
-0.208
-0.135
0.201
-0.163
0.059
0.042
-0.317
-0.001
0.002
0.069
-0.056
0.021
0.208
0.105
0.041
0.044
-0.444
-0.049
0.135
0.153
-0.863
0.139
0.001
0.001
-0.303
-0.421
-0.145
-0.152
0.267
-0.307
-0.341
0.149
-0.02
0.537
0.176
-1.316
-0.098
0.166
0.091
-0.022
0.084
0.042
-0.002
-0.064
-0.083
-0.208
0.204
0.093
0.271
-0.925
-0.063
0.048
0.048
-0.18
0.039
-0.04
0.123
-0.015
0.312
-0.276
0.022
-0.295
-0.277
0.031
-0.058
-0.003
-0.051
0.163
0.133
0.059
0.091
0.183
-0.123
0.072
-0.823
-1.001
-0.155
-0.421
-1.761
-1.368
0
1.112
0.707
0
-0.924
0.707
-0.232
-1.994
0
0
-1.33
0
-1.562
0.014
-0.892
-0.455
-0.893
-1.172
-1.309
-1.663
-1
-0.225
-1.381
-0.611
0.22
0.113
0.071
-0.354
-1.293
-0.178
0.93
0.303
-1.533
0.041
0.136
-0.199
0.055
0.553
-0.392
-1.263
0.707
0.015
-0.249
0.085
-1.255
-0.034
0.116
-0.208
0.086
0.261
-0.05
-0.068
-1.008
0.228
-0.059
0.215
-0.326
0.62
0.094
0.975
0.206
-1.359
0.093
0.066
0.061
0.569
0.154
0.278
-0.036
-0.087
0.904
0.871
-0.003
-0.264
0.026
0.04
-0.01
0.137
0.218
0.013
-0.023
-0.46
-0.041
-0.259
0.096
-0.615
-0.333
0.131
-0.369
0.51
-1.256
-0.164
-0.254
-0.034
0.202
0.013
-0.393
-0.154
0
-0.047
0
0.008
0.063
0.052
0.119
-0.09
-0.081
0.055
-0.374
-0.15
-0.367
-0.052
-0.309
0.297
-0.251
-0.139
-0.939
-0.019
-0.138
0
-0.327
-0.742
-0.147
-0.164
-0.525
0
-1.008
0.196
0.154
0.21
0.144
0.369
-0.236
-0.139
-0.069
-0.02
0.583
-0.031
-0.139
0.147
-0.807
-0.308
-0.051
0
0.038
-0.392
0
0.247
0.679
0.211
0
0.889
0.196
0
0
0
0
-0.57
0
-1.414
-0.279
-0.006
-0.802
-1.19
-0.132
-0.049
-0.764
-0.719
-0.459
-0.113
0.087
-0.024
-0.1
-0.066
-0.111
-0.099
-0.045
0.274
-0.01
0.12
-0.148
0.129
-0.047
0.072
-0.278
0
-0.025
-0.277
-0.146
-0.044
-0.02
-0.106
-0.059
-0.004
-0.005
-0.143
-0.135
-0.496
-0.06
-0.663
-0.11
0.958
-0.668
0.146
-0.019
-0.57
0
-0.165
-0.313
-0.44
0.755
0.196
1.112
-1.858
0
0.035
-1.453
-1.115
0.266
0.312
0.221
-0.058
-0.251
0.18
-0.323
0.036
-0.354
-0.066
0.089
0.102
-0.319
-0.205
0.075
0.133
-0.173
0.26
-0.161
-0.093
0.116
0.207
-0.392
-0.274
-0.04
0.347
0.014
-0.143
0.005
-0.2
0.022
-0.155
0.021
0.04
0.074
-0.243
-0.141
-0.313
0.125
-0.065
0.079
-1.979
0.279
-0.33
0.039
-0.363
-0.21
-0.021
0.206
-0.126
0.205
-0.07
0
0.343
-0.21
-0.119
0.216
-0.019
-0.574
-0.169
0.075
0.086
0.119
0.035
-0.361
-0.352
-0.573
-0.164
-0.037
-0.152
0
-2.499
-0.062
-0.614
-0.094
0
-0.324
-0.76
0
0.203
0.057
0
-1.178
0
-0.086
-0.048
-0.5
-0.103
-0.358
0.007
-0.147
-0.29
-0.152
-0.307
-0.204
-0.42
-0.024
-0.305
0.423
0
-0.058
0.176
0.187
-0.326
0
0.129
0
-0.477
0.279
0
-0.546
-0.359
0
0.009
0.057
0.23
0.268
0.91
0.692
-0.167
-0.289
0.337
-0.047
-0.103
-0.435
-0.247
-0.008
-0.136
0
-0.967
-1.053
0.071
0.07
0
-0.133
0.222
-0.472
-0.793
0
0
0.043
1.805
-0.024
-0.364
0.008
-0.086
-0.406
-0.132
-0.152
-0.522
-0.129
-0.28
-0.327
-0.274
-0.038
1.364
0.287
0
0
0
0
0
0
-0.179
0
0
0.545
0
0
1.464
0.128
0.616
0
-0.551
0
-0.239
-0.053
0.115
-0.376
-0.108
0.212
-0.011
-0.335
0.298
-0.013
0.196
-2.124
-0.13
-0.487
-0.021
-0.046
0.195
0
1.385
-0.376
0.12
-0.017
-0.062
-1.026
0.358
-0.26
-1.132
-0.22
-0.106
-0.292
0.09
-0.015
0.021
0.1
-0.075
0.086
-0.751
-0.592
-0.25
-1.32
-1.373
-1.858
-0.797
0
-1.67
-0.593
-0.299
-0.813
-0.132
-0.349
-0.168
-0.998
0.139
0.101
-1.806
-0.651
-0.977
-0.208
-0.223
0.07
-0.031
-0.28
-0.374
-0.7
-0.53
-0.447
0.061
-0.545
-0.003
-2.045
-0.191
0.145
0.502
0.031
-0.285
0.038
-0.317
0.188
0.33
-0.202
0.708
-0.692
-0.008
0.32
-0.506
-0.229
-0.093
0.167
0.3
-0.153
0.176
0.054
-0.08
0.03
-0.511
-0.005
-0.045
0.141
0
-3.319
-0.165
0.553
-0.301
-0.043
-0.212
-0.077
-0.047
-0.189
-0.081
-0.017
-0.032
0.042
-0.08
0.014
0.147
0.172
0.022
0.094
0.08
-0.114
-0.023
0.085
0.155
0.089
0.097
0.042
0.184
-1.236
-0.04
-0.606
-2.343
0.652
-0.48
0.106
-0.258
0.381
-0.153
-0.479
-2.988
-2.082
0
-0.923
-0.999
-0.499
-2.45
0.095
0.123
0.133
0.263
0.383
0.085
-0.137
-0.444
-0.009
-0.101
0.032
-1.18
-0.102
-0.077
-0.18
-0.037
-0.238
-0.13
-0.177
-0.025
0.012
-0.164
0.039
-0.096
0.008
-0.166
-0.306
-0.082
-0.025
0.092
-0.014
-0.064
-0.065
-0.019
-0.013
-0.101
-0.187
-0.007
-0.014
0.143
-0.504
0.043
0.091
0.136
0.008
0.203
-0.03
-0.382
-0.04
0.497
0.102
0.231
-0.124
0.27
-0.118
-0.107
0.165
-0.077
0.324
0.07
0.368
0.155
0.021
-0.157
-0.059
-0.439
0.298
-0.428
0.182
-1.578
-0.581
-0.895
-0.731
-0.086
-0.712
-0.383
-0.038
0.057
-0.266
-0.345
-0.139
-0.011
-0.456
-0.307
-0.603
0.079
-0.345
-0.055
-0.197
-0.453
-0.038
0.001
-0.577
-0.124
-0.302
-0.126
0.215
0.513
-0.274
0.501
0.905
1.302
-0.497
-2.382
0.13
0.133
0.146
0.149
0.601
-0.477
-0.372
0.168
0.96
0.01
0.5
0.746
0.06
-0.188
0.038
0.121
-0.14
0.109
-0.349
-0.426
-0.019
0.113
0.118
-0.758
-0.299
0.073
-0.153
-0.076
-0.408
-0.058
0.421
0.238
-0.258
-0.083
0.586
-0.178
-0.092
-0.045
-0.345
-0.152
0.043
-0.093
0.031
-0.086
-0.245
0.078
-0.163
-0.074
-0.528
-0.007
0.094
-0.141
-0.613
0.013
-0.08
-0.012
-0.197
-0.443
-0.111
0.832
0.094
-0.201
-0.231
-0.214
-0.099
0.041
-0.082
-0.415
-0.091
0.114
-0.221
-0.102
-0.074
-0.089
0.211
-0.06
-0.186
