-4.176
-1.576
-3.258
-2.38
-5.868
-4.597
-4.457
-4.441
-3.031
-4.457
-2.577
-4.926
-2.581
-5.773
-6.561
-7.323
-5.318
-9.269
-3.288
-7.883
-4.482
-3.986
-3.314
-1.712
-2.313
-2.489
-1.364
-2.954
-1.454
0.189
2.662
1.748
1.968
-0.454
0.976
1.43
0.759
1.755
0.026
2.211
0.551
1.549
1.142
0.573
-0.035
0.639
-1.247
1.48
-0.175
1.165
1.073
1.577
3.089
2.065
2.427
2.383
1.89
2.723
-1.692
1.835
0.073
1.008
-2.297
-0.923
0.046
-1.272
0.877
-2.109
1.139
-1.092
0.396
-0.184
-0.85
-1.118
-0.268
-2.933
0.746
-0.478
-0.617
0.097
0.508
1.136
0.044
0.989
1.2
0.751
1.761
-2.069
1.623
0.504
0.51
-2.276
-0.111
0.186
-0.509
0.388
-1.259
1.277
-1.137
0.09
-0.149
-0.477
-1.334
-0.871
-2.335
0.695
-1.274
0.23
0.364
0.59
1.108
0.642
1.05
0.881
0.949
1.708
-4.076
-0.733
-3.104
-2.824
-1.832
-3.899
-8.576
-8.576
-6.379
-9.269
-1.381
-7.478
-6.134
-4.372
-8.576
0
-6.134
0
-4.803
-7.478
-4.007
-2.866
-3.932
-1.186
-2.061
-1.022
-1.161
-2.644
-0.857
-2.065
0.479
-0.438
-0.684
-6.011
-2.387
-2.404
-6.784
-0.426
-4.139
-0.459
-0.662
-2.045
-2.549
-6.63
-7.072
-4.815
-8.171
-0.397
-5.606
-3.206
-5.111
-1.306
-0.13
-0.071
-0.426
0.419
-0.126
0.536
-3.411
1.041
0.147
0.647
-2.342
-0.411
-2.675
-3.504
0.323
-3.397
-0.387
-1.264
-0.58
-1.751
-1.813
-2.038
-1.167
-1.801
-3.215
-5.937
-1.211
-0.748
-0.295
0.494
-0.108
0.145
0.74
-0.027
0.728
-3.507
0.178
-1.431
-0.855
-5.463
-1.828
-6.497
-4.099
-0.552
-1.437
0.131
-2.816
-0.923
-2.319
-0.49
-2.727
-1.018
-6.704
-3.446
-7.478
-1.432
-2.791
-1.792
-0.058
-0.453
-0.544
-0.101
-0.646
0.357
-1.95
1.178
-1.634
-0.405
-2.68
-1.96
-3.306
-1.407
-1.159
-6.872
0.718
-2.733
-1.577
-0.986
-4.993
-6.63
-4.664
-7.66
-1.144
-3.22
-1.599
-0.788
0.006
0.362
-0.146
0.125
0.92
0.466
1.38
-4.615
0.03
-2.244
-2.422
0
-3.976
-4.77
-6.497
-6.325
-4.965
-1.242
-8.576
-7.66
-5.175
-8.576
0
0
0
-4.815
-9.269
-4.441
-3.853
-1.088
-2.552
-3.501
-1.92
-1.268
-2.51
-0.766
-1.331
1.407
0.566
0.446
-3.996
-0.189
0.378
-2.023
-0.16
-5.658
-0.997
-1.532
-0.186
-0.995
-2.028
-0.89
-1.463
-6.63
-0.188
-2.459
0.068
-0.149
0.258
-0.214
0.018
0.504
1.417
0.651
1.558
-2.586
-0.074
-2.444
-1.64
-7.323
-2.231
-3.306
-5.835
-1.723
0
-1.172
-2.424
-4.827
-4.328
-7.66
-8.576
-3.526
0
-2.241
-4.065
-2.174
-2.374
-1.854
-1.095
-0.651
-0.595
-0.597
-0.953
-0.051
-1.482
1.178
-0.084
0.923
-4.054
-1.556
0.131
-1.857
-0.456
-3.023
0.354
-3.261
-1.117
-1.869
-4.993
-4.705
-1.157
-5.508
0.341
-3.059
-0.76
-1.099
-0.323
0.233
0.724
0.468
0.933
0.262
1.052
-1.337
0.656
-0.84
-0.482
-4.387
-2.876
-1.723
-1.482
-1.745
-5.868
0.503
-3.956
-3.119
-2.606
-1.759
-5.773
-1.285
-6.561
-1.007
-1.657
-0.452
-1.949
0.114
-0.295
-1.362
0.114
0.319
0.47
0.931
-3.756
0.1
-0.529
-1.036
-9.269
-4.272
-0.175
-4.017
-1.049
0
0.025
-6.704
-5.632
-3.697
-2.537
-7.883
-3.108
-8.171
-1.695
-2.118
-0.91
-1.86
-1.763
-0.129
-1.951
-0.861
-0.203
-0.533
0.131
-3.037
-0.856
-1.917
-1.832
-9.269
-5.209
-2.18
-4.56
-3.642
-7.66
-1.078
-9.269
-5.378
-4.342
-7.883
-5.126
-2.639
-9.269
-1.638
-3.966
-2.338
-3.098
-1.104
-0.845
-2.306
-1.795
-0.887
-1.652
-0.615
-2.486
0.204
-0.371
-1.09
0
-4.3
-2.499
-3.797
-3.582
-7.66
-0.15
-4.551
-2.397
-2.315
-7.883
0
-2.179
-8.171
-0.633
-5.714
-1.772
-0.888
-1.561
-0.098
-1.579
-0.442
0.124
-0.323
0.398
-6.091
-2.158
-3.613
-3.051
0
-7.323
-7.478
-9.269
-8.576
0
-1.599
-8.171
-8.576
-5.065
-8.576
0
-3.697
-4.597
-6.134
-7.66
-2.483
-8.576
-3.44
-2.969
-2.102
-2.361
-1.701
-3.061
-2.05
-2.224
1.551
-0.09
0.041
-3.143
-1.614
-3.314
-3.806
1.012
-2.622
0.489
-1.013
-1.633
0.127
-2.1
-1.35
-0.807
-2.799
-2.63
-4.387
-0.174
-1.151
0.519
1.243
0.705
1.188
1.023
0.218
1.443
-3.823
-0.207
-1.608
-0.913
-4.993
-4.913
-5.974
-6.379
-1.189
-5.773
-0.044
-3.473
-2.363
-3.308
-3.862
-3.134
-1.825
-6.178
-5.658
-5.714
-1.295
-3.449
-2.429
-0.565
-2.396
-1.608
-0.644
-1.47
0.398
-2.517
0.902
-2.324
0.001
-5.419
-1.772
-1.069
-2.802
-0.932
-3.682
0.324
-2.035
-0.499
-1.163
-2.292
-0.635
-1.703
-2.381
-1.063
-3.108
-2.117
-0.59
0.164
0.286
-0.586
0.168
0.681
0.096
1.492
-2.596
0.676
-0.103
0.034
-8.576
-4.145
-2.893
-7.323
0.425
-4.425
0.431
-3.831
-1.697
-1.291
-1.537
-3.041
-1.192
-5.714
-0.743
-7.478
-1.511
-1.486
-1.294
0.444
-0.355
-0.779
0.365
0.012
0.598
-3.196
1.078
-0.149
0.43
-1.633
-2.809
-3.008
-4.022
-0.716
-2.653
0.849
-2.156
-0.519
-1.093
-4.151
-3.378
-3.079
-5.08
-2.516
-3.169
-0.537
-3.222
-1.083
0.687
0.429
1.081
0.45
0.485
1.03
-0.424
2.654
1.377
1.406
-0.864
0.438
0.874
-0.122
0.979
-1.351
1.646
0.025
1.152
0.479
0.271
-0.557
0.455
-1.54
0.975
-0.579
0.753
0.781
1.202
1.802
1.853
1.686
2.151
1.784
2.44
-1.342
2.01
0.176
1.265
-1.93
-0.472
0.676
-1.106
0.384
-2.329
1.062
-0.836
0.398
0.601
-1.098
-1.07
-0.482
-2.114
0.941
-1.65
-0.172
-0.292
0.926
1.079
0.715
1.851
1.431
0.988
1.544
-2.181
1.8
0.101
0.743
-3.489
-0.27
-0.323
-1.199
0.704
-2.147
0.367
-0.913
0.257
-0.308
-0.72
-2.057
-0.796
-1.642
-0.213
-2.517
-0.229
-0.172
0.495
0.105
0.268
0.36
1.062
0.778
1.711
-2.383
1.438
-1.196
-0.801
-5.581
-2.148
-2.901
-3.372
0.084
-0.355
-0.317
-1.97
-2.417
-1.681
-3.47
-2.305
-2.517
-4.587
-2.51
-3.713
-2.169
-2.116
-0.641
0.057
0.292
0.047
0.032
0.328
0.676
-1.73
1.922
0.208
0.901
-2.35
-0.235
0.375
-1.198
0.648
-2.159
1.022
-0.708
0.138
-0.047
-0.608
-0.975
-0.724
-2.504
0.301
-2.236
0.207
0.306
0.389
1.48
0.688
1.446
1.305
0.341
1.636
-1.494
1.856
0.691
0.967
-2.602
-0.666
-0.188
-0.974
0.679
-2.386
1.2
-0.48
0.13
0.075
-1.232
-1.276
-0.854
-2.91
0.188
-1.787
0.095
0.028
0.994
1.079
0.854
1.859
1.838
1.072
1.359
