-0.344
-0.001
-0.14
-0.137
0.62
0.494
-0.597
-1.249
-0.302
-0.486
-0.333
0.257
-0.446
-0.323
0.06
0
-0.49
0
-0.295
-0.004
-0.147
0.226
0.051
0.001
0.2
-0.018
0.042
-0.129
-0.162
0.113
-0.004
0.119
-0.016
0.443
0.064
0.159
0.014
-0.005
0.194
0.095
-0.185
0.062
-0.3
0.077
0.027
-0.021
0.406
0.077
0.407
0.072
0.211
0.012
0.081
0.082
0.016
0.047
-0.01
0.007
-0.024
-0.126
-0.155
-0.245
-0.057
0.089
-0.193
0.198
-0.345
0.428
-0.114
-0.551
-0.024
-0.668
-0.147
0.087
-0.195
-0.21
-0.109
0.549
-0.463
-0.326
0.047
-0.195
0.044
0.007
-0.047
-0.084
-0.122
-0.159
-0.168
0.034
-0.079
-0.374
-0.061
-0.003
0.109
-0.054
0.175
-0.008
-0.153
0.02
-0.506
-0.014
-0.039
0.133
0.609
-0.155
0.454
-0.008
0.048
0.007
-0.231
-0.027
-0.087
0.012
-0.082
-0.102
0.197
0.583
0.298
0.24
0.698
0.329
0
0
-0.122
0
0.553
-0.41
-0.367
0.579
1.382
0
0.812
0
1.091
0.284
0.051
0.311
0.522
0.641
0.352
0.603
0.356
-0.067
0.576
-0.242
0.031
-0.014
0.054
-0.266
-0.49
0.104
-1.103
0.191
1.112
0.037
0.052
0.284
-1.812
-0.564
-0.815
-0.364
0
0.044
-0.202
0.436
0.556
0.321
0.13
-0.101
0.009
0.007
-0.141
0.055
0.278
-0.187
-0.128
0.176
0.223
-0.344
0.071
-0.745
0.002
0.281
0.016
-0.035
0.101
-0.484
0.439
-0.221
-0.087
0.401
-0.468
-0.564
0.151
0.478
-0.059
0.004
0.191
0.159
0.027
-0.095
0.089
0.265
-0.065
0.274
0.072
-0.027
-0.159
0.401
0.272
-0.903
0.732
0.052
-0.284
-0.107
-0.606
0.001
0.118
0.028
-0.49
0.154
0
0.269
0.337
0.104
0.143
-0.077
-0.04
0.027
-0.131
0.12
0.169
-0.266
-0.244
0.028
0.169
0.061
0.761
0.021
0.056
-0.323
0.031
-0.418
-0.013
-1.433
-0.697
0
-1.613
-0.227
0.226
-0.736
0.15
0.12
-0.121
-0.384
0.133
0.116
-0.086
-0.18
-0.27
0.129
0.302
0.488
0.512
0
0.059
0.814
1.008
0.923
0.662
0.293
0
0
-0.766
0
0
0
0
0.394
0
0.505
0.077
0.414
0.685
-0.069
0.482
0.338
0.18
0.708
-0.162
-0.067
-0.024
0.086
0.08
-0.088
-0.03
0.107
-0.052
-0.031
-0.046
0.017
0.073
-0.482
-0.007
0.068
-0.208
0.353
0.045
-0.252
-0.014
0.088
0.07
-0.054
0.111
-0.028
0.027
-0.091
-0.024
-0.388
-0.391
-0.743
-0.003
0.129
0.31
0.206
-0.106
0.094
0
-0.349
-0.515
-0.863
-1.613
0
0.689
-2.058
0
0.229
-1.337
-1.331
0.204
-0.077
-0.175
0.012
0.123
-0.012
-0.26
-0.003
0.174
0.054
0.037
0.162
0.175
0.161
0.322
-0.029
0.195
-0.52
-0.046
-0.127
-0.075
-0.45
0.197
0.114
-0.162
0.186
0.054
0.296
0.069
0.018
0.049
0.128
0.23
-0.016
0.051
0.117
0.056
0.536
-0.016
-0.131
0.125
1.303
0.119
-0.526
0.352
0.052
0.178
0.089
-0.564
0.402
-0.244
0.33
0.451
0.07
0.06
0.145
0
0.139
0.485
-0.085
0.098
-0.086
0.076
-0.052
-0.001
-0.171
-0.124
-0.04
0.04
0.129
0
1.275
-0.056
0.607
0.343
0
0.161
0.427
-1.562
-1.3
-0.14
0
-1.521
0
0.101
-0.072
-0.127
0.263
0.118
0.095
0.171
-0.073
0.01
-0.03
0.014
-0.105
-0.039
0.009
-0.089
0
-0.039
0.254
0.256
0.059
0
-0.304
0
0.486
-2.852
0.689
0.33
0.301
0
0.215
0.436
0.019
0.478
-0.352
-0.356
-0.056
-0.038
-0.211
-0.104
0.025
-0.049
-0.057
-0.061
0.028
0
0.023
0.172
0.129
0.228
0
0.035
-0.078
-1.013
-0.023
0
0
-0.066
0
0.065
-0.094
0.05
0.002
-0.022
-0.096
0.058
0.054
-0.044
-0.119
0.002
0.401
0.297
-1.016
0.119
0
1.228
0
1.382
0
0
0.457
0.284
1.382
-1.213
0
0
-2.58
0.293
-0.655
-0.227
0.335
0
0.436
0.193
0.192
0.305
0.337
0.018
0.301
0.05
-0.14
0.087
-0.121
-0.667
0.155
-1.396
-1.374
0.051
0.387
-0.039
-0.713
-0.251
-0.434
-0.149
0.166
0.033
0.153
-0.585
-2.807
-0.388
0.284
-0.313
-0.089
-0.13
0.095
-0.005
-0.207
-0.006
0.305
0.089
0.243
0.283
0.867
0.117
-1.914
0
-0.832
0.371
0.166
-0.336
-0.14
-0.014
0.418
0.114
0.011
-1.016
0
0.466
0.347
-0.031
0.538
0.051
0.158
0.089
0.135
-0.299
0.143
-0.023
-0.295
-0.375
0.055
0.017
-0.072
-0.058
-0.29
0.153
0.214
-0.116
0.149
-0.021
-1.172
0.011
-0.126
-0.457
0.311
0.136
-0.279
-0.037
0.233
-0.332
-0.174
-0.226
-0.038
0.114
-0.139
0.03
0.277
-0.093
0.245
-0.058
0.689
0.19
0.099
0
0.029
0.035
0.122
-0.272
-0.066
-1.527
0.071
-0.042
0.296
0.129
0.08
0.284
0.118
0.02
0.165
0.089
0.14
0.212
0.05
0.047
-0.026
0.071
-0.266
-0.132
-0.232
0.629
-0.241
-0.631
-0.399
-0.36
0.74
-0.06
-0.136
-0.18
-0.959
-1.338
-1.331
-2.323
-0.862
-0.964
-0.336
-0.109
-1.333
0.061
0.034
0.17
-0.091
-0.053
-0.236
-0.285
0.067
-0.003
-0.03
-0.072
0.371
0.042
0.052
0.041
0.03
0.244
-0.018
-0.062
-0.025
-0.11
-0.034
0.019
-0.073
0.303
0.097
0.045
0.056
0.021
-0.018
0.082
0.091
0.085
0.071
0.024
0.003
0.155
0.007
0.068
0.073
0.582
0.059
0.145
0.041
0.109
0.033
0.05
-0.21
0.091
-0.763
-0.115
-0.042
-0.012
-0.017
-0.092
-0.11
-0.057
0.071
0.058
-0.097
0.101
0.013
0.055
-0.071
-0.06
-0.082
-0.117
-0.443
-0.013
-0.486
-0.597
-0.749
-0.774
-0.185
-0.207
-0.373
-0.065
-0.016
-0.861
-0.222
-0.712
-0.108
0.348
-0.276
-0.107
-0.081
-0.227
-0.043
-0.504
-0.272
-0.081
0.007
-0.389
-0.008
0.09
-0.1
-0.155
-0.097
0.784
0.15
-0.016
-0.404
-0.871
0.485
-0.062
-0.031
0.301
-0.309
0.06
-1.539
0.183
-0.164
-0.02
-0.223
0.139
0.153
-0.196
0.262
0.195
-0.032
0.027
-0.359
-0.059
0.085
0.056
0.129
0.043
0.54
0.169
0.127
0.006
0.134
0.433
0.062
-0.19
0.02
-0.443
0.151
-0.019
-0.007
0.404
0.188
0.299
0.197
0.103
0.196
0.097
0.22
0.147
0.098
-0.001
0.101
0.51
-0.127
0.098
0.069
0.392
0.151
0.102
0.188
0.026
0.604
0.056
-0.356
-0.054
-0.467
0.35
0.086
-0.087
0.336
-0.003
0.219
0.028
0.116
-0.107
-0.116
0.111
0.055
-0.033
0.024
-0.011
