0.687
0.278
0.394
0.46
-0.328
0.087
0.148
-1.978
0.668
-1.739
-0.179
0.064
0.317
-0.087
1.154
0.904
0.845
1.464
0.564
0
0.939
-0.264
0.312
0.354
0.079
0.252
0.145
0.379
0.454
0.095
-0.05
-0.031
0.052
-0.455
-0.178
-0.03
-0.059
-0.014
0.157
-0.028
0.101
0.051
-0.264
0.015
0.047
0.071
-0.107
0.038
-0.163
-0.123
-0.161
-0.106
-0.028
-0.019
-0.056
-0.06
-0.027
-0.045
0.486
0.074
0.359
0.434
-0.278
0.249
0.365
0.467
0.734
-0.017
0.452
0.049
0.343
-0.033
0.321
0.216
0.345
0.612
0.342
-0.785
0.596
0.499
0.302
0.261
0.295
0.243
0.053
0.278
0.253
0.521
-0.041
-0.044
0.099
-0.632
-0.133
0.069
-0.04
0.232
0.04
0.228
0.169
-0.096
-0.292
0.029
0.118
0.061
-0.434
0.019
-0.155
0.049
-0.096
0.038
0.127
-0.127
0.086
-0.034
-0.103
0.193
0.099
-0.612
-0.332
-0.17
-0.815
-0.575
0.771
0.771
-0.04
1.464
-0.129
-0.328
0.408
-3.434
0
0
-1.672
0
-1.393
0
-0.11
0.009
-0.29
-0.547
-0.825
-0.717
-0.554
-0.138
-0.339
0.117
-0.08
0.006
-0.13
-0.408
-0.648
0.04
-0.328
-0.157
-1.101
0.07
0.024
-0.088
-0.503
0.211
0
0.377
0.365
0.107
0.103
-0.193
0.563
-0.014
-0.056
-0.422
0.117
-0.154
-0.094
-0.028
0.17
-0.065
-0.207
0.034
-0.156
-0.501
-0.439
-1.411
-0.043
-0.517
0.051
0.119
0.015
-0.717
-0.599
-0.031
0.136
-0.097
-0.328
-0.077
-0.237
-0.331
0.261
0.08
-0.008
-0.134
-0.121
0.054
0.039
-0.139
-0.285
-0.006
-0.062
-0.04
0.098
0.077
-0.241
0.384
-0.863
-0.098
0.273
0.078
-0.444
-0.056
-0.181
-0.062
0.285
0.546
1.058
-0.129
-0.088
-0.04
-0.074
-0.011
0.03
-0.058
-0.18
-0.075
0.027
-0.129
-0.488
-0.128
-0.044
-0.119
-0.568
-0.093
0.049
-0.241
-0.061
-0.716
0.052
-0.181
-1.427
-0.077
-0.657
0.953
0.111
0.634
0.187
-0.049
0.083
-0.259
-0.253
0.098
-0.231
-0.047
0.096
0.177
-0.006
-0.294
-0.427
0
-0.045
-0.328
-0.616
-0.788
-2.147
-0.187
0
0.547
-1.938
0
0
0
0
-0.218
0
-0.229
-0.264
-0.388
-0.679
-1.532
-0.114
-0.602
-0.533
-1.071
0.436
0.018
-0.031
0.049
0.062
0.155
0.438
0.049
0.373
-0.355
0.051
-0.096
-0.003
-0.752
0.036
0.05
0.069
0.616
0.136
0.21
0.265
0.014
0.001
-0.038
0.026
-0.031
-0.028
0.009
0.106
-0.344
0.092
0.578
0.035
-0.482
-0.029
0.182
0.428
-0.139
0
0.053
-0.871
-1.033
-2.379
0.547
0
1.024
0
0.056
0.894
-1.314
-0.357
0.178
0.101
0.194
-0.165
-0.072
-0.14
-0.161
0.101
0.06
-0.079
0.141
0.12
0.208
0.126
-0.088
-0.048
0.686
0.149
0.267
-0.01
-0.029
-0.105
0.118
0.203
-1.199
0.198
-0.122
0.071
-0.027
-0.054
-0.011
0.044
0.032
0.083
-0.083
0.001
-0.574
-0.006
0.16
0.262
-2.321
-0.203
-0.314
0.015
0.136
0.008
0.071
0.158
-0.102
-0.379
0.112
-0.934
0.071
-0.551
0.04
0.373
0.029
0.167
-0.139
0.093
0.039
-0.136
-0.057
0.218
0.057
0.254
0.008
-0.096
0.005
1.464
-2.435
-0.011
0.062
-0.058
0
0.177
-1.101
0
-1.624
0.182
0.077
-0.709
1.058
0.003
-0.191
0.149
-0.159
-0.137
0.012
0.037
0.108
-0.064
0.048
0.042
-0.115
-0.094
0.019
0.074
1.464
0.448
-0.141
0.251
-0.104
0
0.082
0
-1.735
-2.365
0.077
-0.282
-0.449
0
0.002
-0.151
0.16
-0.377
-0.962
-0.227
0.227
0.013
0.149
0.098
0.088
0.628
0.133
0.153
0.252
0
-0.51
-0.034
0.335
-0.064
0
0.061
-0.077
-0.146
-0.218
0
0
0.047
0
0.252
-0.993
0.146
0.143
0.022
0.153
-0.076
0.25
0.102
-0.014
0.113
-0.328
-0.02
-0.033
0.165
0
0
-0.328
0
1.464
0
-0.107
1.058
0
-2.741
0
0
0.002
0.192
0.408
0
0.253
0.771
-0.537
-0.033
-0.058
-0.132
-0.032
0.138
0.056
0.273
-0.035
0.114
0.313
-0.902
0.22
1.202
1.037
0.041
0.014
0.264
-0.657
0.647
-0.221
0.32
0.099
0.27
-0.058
1.002
1.352
0.084
0.093
-0.161
0.183
0.278
0.112
0.073
0.307
-0.01
-0.245
-0.44
-0.282
-0.783
-0.248
-2.2
0
-1.427
-1.174
-0.423
0.108
0.404
0.174
-1.001
-0.306
0.452
0.069
-1.627
-1.454
-0.3
0.263
-0.182
-0.079
0.134
-0.152
-0.032
-0.024
-0.013
-0.395
0.196
-0.302
-0.917
0.097
-1.288
0.161
-0.063
-0.409
-0.208
-0.252
0.009
-0.063
-0.239
-0.841
0.035
-0.579
-0.147
-0.254
-0.097
-0.291
-0.233
-0.19
-0.086
-0.399
-0.432
-0.025
-0.149
-0.051
-0.02
-0.068
-0.206
-0.131
-0.122
0
-1.869
-0.093
0.211
0.049
0.053
-0.008
-1.409
0.04
-0.551
-0.036
0.087
-0.164
-0.146
0.061
0
-0.029
-0.176
-0.055
-0.19
-0.015
-0.029
-0.07
-0.307
-0.008
-0.014
-0.153
-0.006
0.204
-0.257
-0.342
-0.79
-1.385
-0.167
-0.48
0.135
0.225
-0.198
-0.935
-1.256
-0.962
-1.682
-1.34
-0.554
-0.002
0.121
-1.639
-0.193
-0.046
-0.238
-0.202
-0.17
-0.036
0.127
0.149
-0.027
0.002
0.057
-0.503
-0.08
-0.021
-0.035
-0.04
-0.35
-0.014
0.084
0.028
0.07
0.02
0.007
0.031
0.046
0.073
-0.046
0.037
-0.104
-0.134
-0.045
-0.024
0.027
-0.035
0.013
-0.026
-0.075
-0.043
0.025
0.011
-0.223
-0.074
0.199
-0.157
-0.019
-0.377
0.022
-0.043
0.012
-0.296
0.137
-0.007
0.12
0.233
0.087
-0.218
0.165
-0.005
-0.144
0.097
-0.14
-0.026
-0.03
0.116
-0.015
0.109
-0.135
-0.31
-0.078
-1.021
-0.543
-0.031
-0.804
-0.246
-0.547
-0.355
0.006
-0.139
-0.702
-0.076
-0.015
0.108
-0.167
-0.156
-0.468
-0.321
-0.331
0.008
-0.162
-0.678
0.073
-0.079
-0.122
-0.072
0.314
-0.039
-0.052
-0.071
-0.433
-0.07
0.237
-0.259
0.438
-1.91
0.02
-0.119
0.342
-0.177
0.524
-0.875
0.28
0.632
0.181
0.502
-0.002
0.208
0.38
0.299
-0.199
0.215
0.004
0.225
0.179
0.214
-0.128
0.021
-0.021
-0.381
-0.109
-0.003
-0.247
-0.09
-0.295
-0.014
-0.192
-0.186
-0.809
0.034
0.024
0.014
0.232
0.111
-0.181
0.133
-0.087
-0.04
-0.016
-0.065
0.1
-0.073
-0.1
-0.001
0.084
-0.111
-0.106
-0.139
-0.091
-0.218
0.118
-0.261
0.28
-0.616
0.066
-0.299
-0.141
-0.321
-0.201
-0.04
-0.091
-0.501
-0.144
0.049
-0.04
-0.155
0.019
-0.088
-0.095
0.019
-0.09
-0.072
-0.017
