0.09
0.026
-0.082
0.036
0.188
-0.024
-0.485
-0.139
-0.028
-0.042
0.051
-0.291
0.01
0.055
0.08
-0.132
-0.165
0.105
0.673
-0.577
-0.092
0.213
0.171
0.089
0.102
0.065
-0.01
0.04
0.113
0.102
0.001
-0.043
-0.022
-0.059
-0.03
0.023
-0.001
0.011
0.064
-0.002
0.057
0.013
0.001
-0.022
-0.053
0.009
0.026
0.081
-0.148
-0.046
0.01
-0.015
-0.004
0.035
0.031
-0.001
-0.022
0
0.02
-0.034
-0.003
0.003
-0.002
0.003
0.027
-0.003
0.012
-0.022
0.008
0.011
-0.089
-0.019
-0.025
-0.156
-0.067
-0.086
-0.044
-0.174
-0.031
0.015
-0.025
-0.071
-0.011
0.005
-0.014
-0.081
0
0.302
0.027
-0.043
0.048
0.254
-0.008
0.082
0.007
-0.003
0.062
0
0.308
0.036
-0.039
-0.015
-0.057
-0.001
-0.11
0.074
-0.038
-0.006
0.005
0.039
0.01
0.034
0.071
0.007
-0.024
0.015
0.565
0.01
0.227
0.135
-0.308
-0.131
0.554
0.445
0.279
0.543
-0.002
0.177
0.089
-0.092
0.124
-0.778
-0.123
-0.373
0.26
0.127
-0.025
0.014
0.195
-0.101
0.039
0.192
-0.018
0.105
0.067
-0.093
0.023
0.049
-0.072
0.116
-0.026
0.104
0.039
0.031
0.059
0.03
-0.146
-0.052
-0.166
-0.117
-0.218
-0.092
-0.094
0.107
0.207
0.096
0.105
0.196
0.134
0.07
0.052
-0.047
-0.013
0.115
0.047
-0.005
0.064
-0.022
-0.041
-0.201
0.028
-0.005
-0.042
-0.093
0.039
-0.086
-0.041
-0.457
-0.012
-0.012
-0.022
0.13
0.016
0.295
0.173
0.144
0.066
0.03
0.016
0.108
0.037
-0.03
0.061
-0.057
-0.014
-0.34
0
0.157
-0.05
0.225
-0.879
-0.05
-0.013
-0.049
0.086
0.001
-0.064
-0.041
0.112
-0.056
0.361
-0.106
-0.224
-0.036
0.141
0.301
0.028
0.021
-0.025
-0.031
0.03
-0.072
0.219
0.005
0.009
-0.004
-0.073
-0.096
-0.078
-0.03
0.037
0.002
0.025
-0.208
0.127
-0.019
-0.228
-0.385
-0.074
0.079
0.082
0.034
-0.055
0.049
0.159
0.012
-0.054
0.037
-0.026
0.035
-0.025
0.036
0.008
0.083
0.056
0.362
-0.376
0.159
0.254
0.113
0.418
-0.068
-0.206
-0.199
-0.46
-0.411
0.282
0.195
0.082
-0.064
0.155
-0.005
0.181
-0.012
-0.029
-0.018
0.1
0.044
0.03
0.083
0.196
0.045
0.013
-0.012
0.12
-0.054
0.15
0.107
-0.039
0.021
-0.105
-0.001
0.04
-0.119
-0.038
-0.164
0.04
-0.093
0.353
-0.027
-0.104
0.093
0.088
0.039
-0.001
0.055
-0.007
0.004
-0.013
-0.172
-0.037
-0.149
-0.047
-0.005
-0.234
-0.07
0.037
-0.021
0.113
0.124
-0.223
0.164
-0.253
-0.073
-0.228
0.055
0.259
-0.274
0.05
0.036
-0.035
0.202
-0.036
0.022
0.088
0.041
-0.06
-0.037
-0.24
0.019
-0.082
0.04
0.788
0.041
0.106
-0.254
0.026
0.058
0.005
-0.336
0.004
-0.02
0.018
-0.11
0.065
0.085
0.074
-0.118
-0.14
0.056
0.077
-0.017
0.054
0.144
-0.029
-0.069
-0.018
0.069
0.024
-0.034
-0.037
0.168
0.17
0.019
-0.075
0.063
-0.129
0.09
-0.419
0.093
0.136
-0.103
0.044
0.026
0.177
0.083
-0.027
0.035
0.089
0.029
-0.151
0.073
-0.044
-0.028
-0.019
0.01
0.06
-0.023
0.046
-0.062
0.168
0.03
0.049
0.002
0.029
0.26
-0.029
-0.354
-0.127
-0.19
-0.19
-0.035
-0.05
0.121
0.027
-0.037
-0.109
0.115
0.226
-0.053
0.092
-0.064
-0.065
-0.026
-0.049
0.029
-0.005
0.008
-0.08
-0.899
-0.36
-0.048
0.069
0.111
-0.655
-0.017
-0.698
-0.078
-0.38
-0.064
-0.329
-0.006
-1.472
-0.42
-0.071
-0.398
-0.229
0.039
-0.003
-0.003
-0.022
-0.12
-0.122
-0.317
-0.083
0.036
-0.107
-0.054
-0.401
0.024
-0.27
-0.153
0.047
0.159
0.042
0.265
0.037
0.083
-0.141
-0.853
0.093
0.298
0.007
0.059
0.002
0.039
0.116
-0.099
0.175
0.168
0.007
0.014
0.003
0.127
0.034
0.039
0.016
-0.052
0.203
0.232
0.42
0.25
-1.209
-0.058
-0.111
0.246
-0.153
0.4
-0.052
-0.172
0.287
-0.032
-0.092
0.061
0.322
0.241
0.223
0.181
0.021
0.06
0.098
0.115
0.103
0.001
0.051
-0.016
0.026
-0.019
0.15
0.137
-0.044
0.126
0.026
-0.045
0.045
0.064
0.031
-0.178
-0.065
0.154
-0.52
-0.223
-0.164
0.08
0.115
0.025
0.032
0.002
0.046
0.04
-0.007
-0.041
-0.041
-0.063
0.002
-0.015
-0.154
-0.342
-0.236
0.046
0.099
-0.22
0.064
0.101
-0.332
0.26
-0.088
-0.059
0.093
-0.254
0.086
-0.267
-0.038
-0.033
-0.138
-0.026
0.074
-0.149
0.06
-0.211
0.019
-0.011
0.008
-0.059
-0.115
-0.062
-0.015
0.276
0.011
0.03
-0.027
-0.232
0.066
-0.402
-0.047
-0.117
-0.04
0.019
0.003
-0.203
0.067
-0.029
-0.06
-0.012
0.031
0.046
-0.055
-0.024
-0.014
0.04
0.004
0.004
-0.032
0.215
0.172
-0.269
0.128
-0.023
-0.315
0.028
-0.543
0.041
-0.104
-0.175
0.057
-0.184
0.259
-0.04
0.33
-0.078
0.336
0.232
-0.046
0.008
0.038
0.017
-0.054
0.007
-0.028
-0.054
-0.101
-0.078
-0.031
-0.252
0.041
-0.132
-0.092
-0.109
-0.043
0.05
-0.096
-0.044
-0.122
0.167
0.009
0.052
0.063
-0.138
0.037
-0.315
-0.001
0.064
0.037
-0.087
-0.112
-0.024
-0.029
0.02
-0.03
-0.056
-0.041
-0.097
-0.031
0.026
0.002
0.018
0.083
-0.02
-0.072
-0.028
-0.017
-0.072
-0.06
0.019
0.055
0.04
-0.192
-0.066
0
-0.066
-0.039
-0.004
0.009
-0.007
-0.031
-0.014
0.006
0.028
-0.159
0.083
-0.04
-0.05
0.045
-0.177
-0.008
0.035
-0.015
0.412
-0.032
-0.219
-0.037
-0.317
-0.007
-0.003
0.027
-0.23
-0.068
-0.086
-0.039
-0.066
0.054
0.041
0.006
-0.068
0.03
0.201
0.046
0.064
0.002
0.041
-0.146
0.212
0.065
-0.005
0.057
0.025
0.006
0.064
-0.082
0.047
0.065
0.024
0.046
0.038
0.054
0.031
0.003
0.083
0.018
-0.04
0.088
-0.023
0.013
0.029
0.194
-0.02
0.066
-0.016
0.107
0.047
0.033
-0.02
0.127
0.009
0.005
-0.019
-0.006
-0.099
0.02
-0.03
0.034
0.018
-0.041
0.096
-0.087
-0.103
-0.105
-0.015
0.059
0.004
-0.014
0.025
0.007
0.084
0.022
0.022
0.033
0.05
-0.009
0.069
0.068
0.018
0.01
0.059
0
0.063
0.038
0.009
-0.152
0.079
0.109
0.043
-0.072
0.047
0.032
0.017
-0.008
0.067
0.046
0.01
0.039
-0.004
-0.261
0.02
0.02
0.025
0.019
0.028
0.083
0.061
0.044
0.064
-0.052
0.068
-0.01
0.049
0.012
0.008
0.032
0.036
0.057
0.001
-0.053
0.04
0.025
0.034
0.013
0.043
-0.039
0.005
0.045
