-0.014
-0.003
0.033
0.019
-0.251
-0.003
0.349
-0.025
-0.003
-0.192
-0.129
0.292
-0.044
-0.234
-0.047
0.16
0.143
-0.017
-1.038
0.346
0.1
-0.242
-0.119
-0.102
-0.153
-0.04
0.059
-0.049
-0.029
-0.074
-0.013
0.028
0.007
0.006
0.007
-0.021
-0.013
0.001
-0.058
-0.02
-0.041
-0.011
0.014
0.005
0.018
-0.015
-0.021
-0.085
0.092
0.037
-0.009
0.019
-0.001
-0.029
-0.027
0.003
0.011
-0.004
-0.024
0.037
0.013
0.022
-0.021
0.053
-0.018
0.033
0.019
0.092
-0.006
0.048
0.042
0.013
0.046
0.011
0.048
0.058
0.023
0.139
0.038
0.027
0.04
0.046
0.01
-0.008
0.011
-0.004
-0.001
-0.233
-0.015
0.05
-0.035
-0.221
-0.021
-0.074
-0.024
-0.014
-0.01
-0.013
-0.256
-0.065
0.067
0.004
0.038
-0.035
0.02
-0.074
0.036
0.001
0.002
-0.021
-0.002
-0.026
-0.05
-0.003
0.015
-0.006
-0.484
-0.027
-0.16
-0.108
0.101
0.157
-0.586
-1.049
-0.081
-0.341
-0.046
-0.148
-0.093
0.107
-0.045
0.863
-0.091
-0.341
-0.064
-0.072
-0.176
-0.126
-0.366
0.035
-0.046
-0.119
-0.054
-0.199
-0.058
-0.035
0.006
-0.051
0.037
-0.176
0.097
-0.122
0.038
-0.001
-0.084
-0.009
0.089
0.062
0.176
0.219
0.018
0.086
0.027
-0.115
-0.234
-0.093
0.003
-0.174
-0.169
-0.084
-0.066
0.022
-0.037
-0.166
-0.051
-0.014
-0.079
0.024
-0.015
0.152
0.018
0.049
0.038
0.029
-0.05
0.129
-0.041
0.389
0.023
0.005
0.076
-0.166
-0.177
-0.312
-0.13
-0.101
-0.116
-0.051
-0.031
-0.198
-0.025
0.027
-0.076
0.052
0.014
0.457
-0.001
-0.046
0.031
-0.223
0.724
0.107
-0.033
0.034
0.019
0.124
0.103
0.026
-0.134
0.044
-0.536
0.137
0.191
-0.082
-0.109
-0.292
-0.036
0.045
0.038
0.026
-0.046
0.087
-0.257
0.031
0.067
0.024
0.013
0.149
0.1
0.003
-0.046
-0.109
-0.014
0.2
-0.129
0.091
0.102
0.246
-0.155
-0.115
-0.008
0.013
0.086
0.043
-0.175
-0.021
0.059
-0.015
0.026
-0.042
0.039
0.004
0.02
-0.076
-0.078
-0.225
0.392
-0.509
-0.425
-0.404
-0.475
0.074
0.519
0.285
0.352
0.432
0.027
-0.379
0.519
0.037
0.187
0.071
0.087
-0.034
-0.002
-0.002
-0.14
-0.015
0.001
-0.115
-0.129
-0.01
-0.04
0.038
-0.106
0.067
-0.116
-0.17
0.038
-0.038
0.144
-0.046
-0.052
0.142
0.08
-0.122
-0.089
-0.01
-0.337
-0.019
0.062
-0.086
-0.083
-0.015
-0.034
-0.053
0.02
0.026
-0.006
0.004
0.023
0.241
0.082
0.068
0.115
-0.047
-0.04
-0.005
-0.261
-0.093
0.316
-0.173
0.173
0.233
0.122
0.087
-0.206
0.129
-0.121
0.042
0.039
-0.19
0.069
-0.046
-0.098
-0.004
0.066
0.038
0.332
-0.01
0.045
-0.02
-0.908
-0.041
-0.061
0.256
-0.037
0.099
-0.04
0.297
-0.021
0.091
-0.073
0.074
-0.108
-0.073
-0.101
0.122
0.201
-0.033
-0.003
0.011
-0.043
-0.144
0.02
0.099
0.047
0.076
-0.005
-0.005
0.047
-0.286
-0.22
0.008
0.044
-0.038
0.234
-0.053
0.316
-0.142
0.063
0.065
-0.166
-0.04
-0.133
-0.112
0.065
-0.004
-0.119
-0.041
0.111
-0.046
0.07
0.023
0.029
0.062
-0.137
0.019
-0.049
0.057
-0.012
0.02
0.061
0.081
-0.032
0.187
0.005
0.027
0.128
0.323
0.13
-0.098
0.032
-0.288
-0.133
-0.077
0.122
-0.09
-0.206
0.021
-0.128
0.068
0.043
-0.009
0.011
-0.046
-0.029
-0.013
0.103
0.232
0.29
-0.023
-0.14
-0.022
0.655
-0.006
0.181
0.041
0.483
-0.127
0.329
0.062
0.958
0.391
0.113
0.445
0.049
-0.05
0.034
0.013
0.004
0.08
0.079
0.147
0.012
-0.027
0.093
0.056
-0.058
0.019
0.222
0.071
-0.008
-0.127
-0.073
-0.186
0.055
0.004
0.163
0.055
-0.109
-0.169
0.049
-0.315
-0.081
0.008
-0.071
0.101
-0.069
-0.186
-0.026
-0.041
-0.006
-0.294
-0.044
0.099
-0.04
0.232
-0.415
-0.304
-0.322
-0.243
-0.484
0.004
-0.261
0.037
0.209
-0.666
0.337
0.268
-0.359
0.189
0.314
-0.04
-0.077
-0.1
-0.276
-0.196
0.052
-0.07
-0.133
-0.092
-0.062
-0.001
-0.084
-0.01
-0.04
-0.041
-0.049
-0.283
0.024
-0.102
-0.042
0.054
-0.034
-0.001
-0.061
0.006
0.059
-0.124
0.334
0.168
0.228
-0.097
-0.108
0.008
-0.009
-0.001
-0.038
-0.049
0.04
0.096
0.044
0.021
-0.015
0.073
0.086
0.4
0.402
-0.051
-0.055
0.15
-0.101
-0.146
0.132
-0.253
0.029
0.15
-0.073
0.131
-0.422
0.149
0.02
0.026
0.108
-0.067
-0.042
0.1
-0.051
0.179
-0.033
0.014
-0.002
0.062
0.089
0.077
0.083
-0.15
0.055
0.002
0.025
0.216
-0.062
0.373
-0.054
0.117
0.055
0.03
0.03
0.213
-0.078
0.088
0.046
0.03
0.027
0.024
0.049
0.028
0.002
-0.016
0.014
-0.112
0.058
-0.193
-0.22
0.22
-0.006
0.014
0.411
0.003
0.456
-0.073
0.108
0.081
-0.074
0.165
-0.298
-0.011
-0.244
0.006
-0.257
-0.154
-0.004
0.044
-0.035
-0.016
-0.048
-0.007
-0.013
0.041
0.091
0.075
-0.02
0.167
-0.075
0.057
0.099
0.071
0.033
-0.109
0.051
0.069
-0.018
-0.156
-0.056
-0.142
-0.17
0.156
-0.034
0.186
0.042
0.007
0.012
0.053
0.11
0.018
0.008
-0.037
0.029
0.033
0.021
0.003
0.017
-0.045
-0.02
-0.01
-0.089
-0.01
0.045
0.02
0.023
0.031
0.025
-0.035
-0.053
-0.056
0.139
0.054
-0.008
0.036
0.064
0.016
-0.019
0.006
0.01
0.004
-0.005
-0.031
0.075
-0.067
0.015
0.015
-0.055
0.241
0.012
-0.011
-0.018
-0.434
0.027
0.22
-0.009
-0.023
-0.006
0.006
-0.052
0.179
0.049
-0.042
0.05
0.055
-0.04
-0.024
0.004
0.001
-0.04
-0.103
-0.04
-0.081
0.011
0.008
0.168
-0.137
-0.027
0.088
-0.116
-0.038
0.026
-0.061
0.081
0.03
-0.071
-0.039
-0.068
-0.052
-0.014
-0.032
0.05
-0.055
-0.02
0.074
-0.07
0.017
-0.032
-0.012
-0.192
0.022
0
0.044
0.009
-0.027
0.026
0.115
-0.107
0.053
0.027
-0.011
0.051
0.169
0.048
-0.053
0.105
-0.03
0.12
0.121
0.14
0.203
0.111
0.027
-0.061
0.017
0.032
-0.029
-0.013
-0.038
-0.011
-0.031
-0.037
-0.106
-0.011
-0.059
-0.02
-0.021
-0.031
-0.062
0
-0.064
0.02
0.002
0.082
-0.104
-0.048
-0.062
0.09
-0.055
-0.051
-0.021
0
-0.059
-0.041
-0.022
-0.056
0.006
0.314
-0.037
0.03
-0.012
-0.069
-0.014
-0.08
-0.102
-0.065
-0.072
0.03
-0.036
0.014
-0.017
-0.011
-0.05
-0.096
-0.037
-0.024
-0.008
0.088
-0.022
-0.012
-0.039
0.004
-0.036
0.027
0.017
-0.04
