-3.965499
-0.854655
-3.03215
-0.153276
-4.023607
-4.673087
-2.630215
-4.403754
-2.524289
-4.655068
-2.4791
-3.843345
-2.684714
-4.802988
-5.56247
-6.146723
-5.080372
-6.43971
-1.396834
-6.540354
-2.785466
-3.065833
-3.252391
-1.212763
-1.811198
-2.067438
-1.119142
-3.107886
-1.018752
1.366219
3.174063
2.036215
3.064259
0.640191
1.015237
1.38322
0.827704
1.749644
-0.006821
2.384875
0.298593
1.690875
0.532707
0.741226
0.221505
0.639107
-0.490815
1.651321
0.07928
1.547435
1.606808
1.349656
3.40534
2.338017
2.48096
1.966708
1.865277
2.664035
-1.031632
1.78198
-0.073624
1.295881
-1.547044
-1.260081
-0.477828
-1.681728
0.412319
-1.851708
0.624403
-2.199456
-0.072509
-0.866586
-1.366133
-0.827398
-0.613334
-3.069118
0.364916
-1.251849
-0.966501
-0.271191
-0.21686
1.033685
-0.026635
0.615309
0.761667
0.087937
1.138669
-1.487937
1.851554
1.010913
0.984677
-1.324907
-0.236486
-0.010265
-0.696605
0.214182
-1.77607
1.021055
-0.849438
-0.3895
-0.771849
-0.659821
-1.526117
-0.905942
-1.787575
0.541809
-1.593431
0.213441
0.426558
0.154514
0.862542
0.741906
0.622317
0.97027
0.519072
1.385263
-2.442291
-0.268098
-2.970987
-0.781192
-1.888076
-4.307182
-6.706339
-7.198815
-5.865011
-7.724908
-0.226145
-7.764129
-6.720325
-6.706339
-7.615709
-8.418056
-6.994021
-8.418056
-6.238073
-5.441741
-3.015032
-2.445813
-4.746635
-1.12326
-1.865767
-1.265004
-1.941794
-2.225064
-0.454863
-1.402067
0.84297
-0.281042
0.485153
-4.353642
-3.31211
-2.317564
-5.818219
0.71669
-3.140726
-0.675286
-0.967753
-1.902318
-3.464398
-5.965725
-6.238073
-5.549283
-6.034245
-0.520931
-5.292646
-3.320067
-5.02458
-2.598201
-0.076811
0.076451
-0.192903
-0.196246
-0.358293
0.495257
-2.680491
1.084931
-0.33103
0.966723
-0.522906
-0.964538
-3.300523
-6.100203
0.180618
-3.552891
-0.316238
-1.711193
-0.860221
-2.428709
-2.353913
-2.333732
-2.676286
-1.896415
-4.935633
-6.600978
-1.725399
-0.448698
-0.879192
-0.059894
0.062809
-0.416546
-0.200638
-0.296301
0.578606
-2.722512
0.442498
-1.650536
0.234959
-5.441741
-1.81099
-6.107808
-4.628635
-0.969811
-2.320154
-0.085507
-3.696813
-2.504969
-3.649329
-0.324711
-3.521365
-1.546964
-6.613557
-3.394681
-6.957653
-0.961468
-2.417784
-3.214895
-0.066536
-0.796333
-1.375501
-1.026498
-1.016355
0.027889
-1.296182
1.211501
-1.729701
0.799894
-0.874212
-2.169864
-3.323834
-1.455885
-0.874742
-6.085165
-0.165309
-3.97089
-1.917922
-2.629272
-5.108074
-5.841341
-4.487739
-5.664885
-1.259302
-4.083282
-1.730372
-0.288835
-1.631426
-0.612769
0.173145
-0.225294
0.109499
-0.078261
0.664224
-3.710607
0.129443
-1.777979
-1.161324
-7.687168
-3.745227
-5.085851
-6.100203
-6.195513
-3.562426
-1.388968
-8.58511
-7.051179
-7.031761
-8.092633
-8.78578
-7.687168
-8.58511
-4.413524
-7.847511
-4.708243
-3.907196
-0.687881
-1.091641
-4.078254
-1.893477
-0.75223
-2.515002
-0.790811
-0.044342
1.76099
0.190496
1.687179
-3.274594
-0.635954
-0.414564
-1.841158
-0.481423
-5.275895
-0.812778
-2.117976
-0.947218
-1.893477
-2.596376
-0.85294
-2.105205
-5.465552
-0.308761
-1.548641
0.051013
-0.491814
-0.713036
-0.850909
-0.089029
-0.135398
0.732927
0.610338
1.39124
-1.712699
-0.346741
-3.136806
-0.778006
-6.706339
-1.569316
-3.309317
-4.949919
-1.936832
-7.804951
-2.005859
-2.71453
-5.162922
-5.575833
-6.872131
-7.581808
-6.013192
-7.012713
-2.020101
-5.064111
-3.542271
-3.280901
-3.525396
-1.426667
-1.427658
-1.204571
-1.548162
-1.586434
-0.675687
-0.565676
1.19454
0.231177
1.223118
-2.876491
-1.707907
-0.917739
-1.754727
-0.514289
-3.095421
0.252598
-3.375624
-1.163008
-2.848244
-4.035068
-3.83152
-0.756782
-4.128651
-0.169607
-2.808302
-0.952312
-0.577712
-1.099567
0.374389
-0.028032
0.110564
-0.022978
0.023004
0.874191
-0.924439
0.249161
-1.282368
-0.039983
-5.883139
-3.28543
-2.95032
-1.045213
-1.310252
-4.271265
-0.139237
-4.446313
-3.677817
-3.250198
-1.141925
-7.294126
-2.568066
-6.429128
-0.867071
-3.164575
-1.601741
-1.347201
-0.797652
-0.973132
-2.261077
-1.310441
-0.596289
-0.993248
0.17691
-2.961421
0.264965
-1.135718
0.27597
-7.012713
-6.048531
-0.478869
-3.822936
-1.113385
-7.847511
-0.190619
-7.051179
-6.178984
-5.074922
-1.60478
-7.456645
-3.098052
-7.372087
-1.773765
-2.068245
-0.726293
-2.038846
-3.576294
-0.371629
-1.967707
-1.436693
-0.78879
-0.725872
0.041101
-2.565632
-0.499539
-2.718899
-0.979401
-7.891963
-3.689307
-1.877026
-4.700738
-3.683208
-8.903563
-1.689243
-8.092633
-6.720325
-5.72551
-7.427657
-4.878212
-3.101445
-8.418056
-0.95761
-4.642646
-1.344656
-3.010194
-2.895672
-1.682641
-2.434701
-2.191063
-1.568092
-1.580723
-0.598296
-2.096734
0.148235
-0.819926
-0.215215
-7.091185
-4.979118
-2.450135
-3.66314
-3.812117
-7.650801
-0.459855
-4.7886
-4.054467
-4.459443
-6.975672
-7.427657
-3.429718
-6.855871
-0.768949
-4.295896
-1.373553
-0.787818
-3.784821
-0.383923
-1.296182
-1.291907
-1.161813
-1.020683
-0.217704
-5.157005
-0.897446
-4.41915
-1.05898
-7.891963
-6.957653
-6.720325
-7.051179
-5.87706
-8.68042
-1.086492
-7.987273
-6.398038
-6.600978
-7.804951
-7.891963
-4.700738
-5.97237
-4.704484
-7.399486
-0.834339
-5.829713
-4.921548
-2.256848
-1.673634
-1.971482
-1.437622
-2.74579
-1.216426
-1.790218
1.495592
0.038571
0.904438
-3.170222
-0.836454
-4.721513
-5.549283
0.580072
-2.926261
0.344482
-1.68814
-2.280162
-1.0633
-2.222082
-0.937237
-1.92372
-2.445029
-3.324305
-6.055751
-0.653988
-0.615375
-1.519574
1.071622
0.671186
0.802304
0.329235
-0.302581
0.913154
-3.154171
-0.504028
-1.265305
-0.44183
-4.710128
-5.784508
-6.146723
-6.763497
-2.831095
-5.217814
0.230058
-3.028984
-3.146635
-4.95232
-3.969989
-2.756699
-3.028282
-5.494067
-5.445671
-5.341098
-0.747412
-3.091674
-4.176176
-1.264162
-1.493443
-2.002329
-1.275167
-2.245392
-0.027176
-2.05463
1.075837
-2.328488
0.834157
-4.226073
-2.091493
-1.206158
-2.928482
-0.172934
-2.76854
0.229693
-2.4066
-0.502876
-1.826699
-1.433624
-1.255479
-1.063005
-2.338475
-0.846344
-3.223818
-1.631599
0.078338
-0.612989
0.162531
-0.777193
0.149845
0.509687
-0.516536
1.416597
-0.70331
1.110727
-0.025885
1.023048
-6.027178
-5.334031
-3.386613
-5.741258
-0.002078
-3.644767
0.395188
-3.68727
-1.942267
-2.664019
-0.556921
-2.299112
-1.110131
-4.276143
-0.496353
-6.21232
-1.208772
-1.179559
-2.758573
0.439416
-0.201843
-0.783309
0.067996
-0.36885
0.53113
-2.517737
1.415806
0.558518
1.249076
-0.584669
-3.187358
-3.602749
-4.553286
-1.403103
-2.074175
0.689101
-2.779154
-1.610631
-2.189241
-4.226073
-4.957139
-4.513755
-5.510734
-2.878302
-4.592764
-0.957388
-3.17957
-1.623555
0.45345
-0.00742
1.048601
-0.100872
-0.247957
0.516997
0.391646
3.064651
1.53801
2.559983
-0.098938
0.552552
0.956312
0.249413
1.266414
-0.275209
1.86709
-0.203278
1.29913
0.246549
0.422758
-0.475502
0.306252
-0.61017
1.152828
0.186303
1.296783
1.302719
1.360196
1.866428
2.169251
1.802013
1.540124
1.716806
2.391267
-0.900117
2.105876
-0.000819
1.874484
-1.203268
-0.305759
-0.138378
-1.094987
0.30233
-1.580393
0.918816
-0.318291
0.086052
-0.234852
-0.928343
-0.890676
-0.713868
-1.312648
0.96169
-1.582871
0.066519
0.248962
0.162488
1.234596
0.734949
1.639707
0.861244
0.996236
1.191071
-1.223561
1.641245
-0.583572
1.093261
-3.145451
-0.816461
-1.024603
-2.888932
0.078479
-2.246837
-0.329659
-1.763408
0.063271
-1.465253
-1.003066
-2.48949
-1.545051
-0.601484
-0.771518
-3.148613
-0.060255
-0.001618
-0.813046
-0.740513
-0.143287
-0.154287
0.89895
-0.154644
1.122164
-1.626575
1.532106
-1.617629
-0.042426
-4.930916
-2.520057
-4.165174
-4.647951
-0.931054
-0.172752
-0.96018
-2.788776
-3.291348
-2.538168
-4.685896
-4.024557
-4.261579
-5.494067
-3.709219
-5.292646
-2.529817
-2.779701
-1.454575
-0.870797
0.184976
-0.804427
-0.275612
-0.203986
-0.018313
-0.704168
2.252483
0.362129
1.658557
-1.626921
0.153669
0.059325
-1.077619
0.776546
-1.39869
0.87758
-1.308302
-0.008756
-0.981393
-0.431603
-0.741618
-0.838966
-1.233835
0.664679
-1.602163
0.41152
0.536211
0.118125
1.56121
0.836559
1.154944
0.937849
0.543281
1.495317
-0.483074
1.614633
0.197534
1.93649
-1.243685
-0.460528
-0.330912
-1.122738
0.627102
-2.200682
1.049399
-1.115248
-0.083344
-0.985708
-1.447976
-1.289313
-1.212306
-2.625746
0.075081
-2.202986
0.057354
0.200082
-0.018209
0.662342
0.549321
1.246496
1.146138
0.485488
0.830062
